61 57 52 42
61 54 51 47
61 54 51 47
61 54 51 47
61 54 51 47
59 54 49 47
59 54 49 47
58 54 49 47
58 54 49 47
59 55 50 47
59 55 50 47
59 55 50 49
59 55 50 49
59 55 50 47
59 55 50 47
59 54 50 45
59 54 50 45
59 53 50 44
59 53 50 44
59 53 49 44
59 53 49 44
59 53 50 44
59 53 50 44
59 53 47 44
59 53 47 44
59 53 49 45
59 53 49 45
59 53 49 47
59 53 49 47
59 53 49 45
59 53 49 45
59 53 49 44
59 53 49 44
57 54 49 42
57 54 49 42
56 54 50 42
56 54 50 42
57 54 49 42
57 54 49 42
57 54 48 42
57 54 48 42
56 54 49 37
56 54 49 37
56 54 49 37
56 54 49 37
0 53 0 49
0 53 0 49
0 53 0 49
0 53 0 49
62 54 0 49
62 54 0 49
62 54 0 49
62 54 0 49
62 56 50 47
62 56 50 47
62 56 50 47
62 56 50 47
61 57 52 45
61 57 52 45
61 57 52 45
61 57 52 45
61 56 54 45
61 56 54 45
61 57 54 45
61 57 54 45
64 59 56 44
64 59 56 44
64 59 56 44
64 59 56 44
64 59 57 44
64 59 57 44
64 59 56 44
64 59 56 44
63 59 54 47
63 59 54 47
63 58 54 47
63 58 54 47
63 59 54 47
63 59 54 47
65 62 54 47
65 62 54 47
66 61 54 46
66 61 54 46
66 61 53 46
66 61 53 46
66 61 54 46
66 61 54 46
66 61 57 48
66 61 57 48
66 61 56 49
66 61 56 49
66 61 54 49
66 61 54 49
66 61 56 49
66 61 56 49
65 61 56 49
63 61 56 49
65 59 56 49
65 59 56 49
67 59 56 49
67 59 56 49
67 58 51 49
67 58 51 49
67 58 51 49
67 58 51 49
68 56 51 49
68 56 51 49
68 56 51 49
68 56 51 49
63 56 51 49
63 56 51 49
63 56 51 48
63 56 51 46
68 56 51 48
68 56 51 48
68 56 51 48
68 56 51 48
66 56 51 48
66 56 51 48
66 56 51 48
66 56 51 48
64 56 49 49
64 56 49 49
64 56 49 49
64 56 49 49
64 56 49 0
64 56 49 0
64 56 47 0
64 56 45 0
65 61 44 37
65 61 44 37
65 61 44 37
65 61 44 37
65 59 44 37
65 59 44 37
65 59 42 37
65 59 44 37
66 59 42 38
66 59 42 38
66 58 42 38
66 58 42 38
66 59 44 38
66 59 44 38
66 61 46 38
66 61 46 38
66 62 47 35
66 62 47 35
69 62 47 35
69 62 47 35
67 63 45 35
67 63 45 35
66 63 45 35
66 63 45 35
64 64 43 36
64 64 43 36
71 64 42 36
71 64 42 36
69 64 40 36
69 64 40 36
67 64 40 35
67 64 40 35
66 64 42 34
66 64 42 34
64 64 42 34
64 64 42 34
65 64 43 34
65 64 43 34
65 62 43 34
65 62 43 34
65 61 43 34
65 61 43 34
63 61 42 34
63 61 42 34
64 61 43 34
64 61 43 34
64 60 43 34
64 60 43 34
64 59 43 35
64 59 43 35
64 59 42 35
64 59 42 35
63 59 45 35
63 59 45 35
63 59 45 35
63 59 45 35
64 59 45 40
64 59 45 40
64 59 45 40
64 59 45 40
64 59 44 40
64 59 44 40
62 59 44 40
61 59 44 40
59 62 44 0
59 62 44 0
56 62 44 0
56 62 44 0
68 62 47 41
68 62 47 41
68 62 47 41
68 62 47 41
68 61 47 42
68 61 47 42
66 61 47 42
65 61 47 42
66 61 46 42
66 61 46 42
64 61 46 42
63 61 46 42
61 64 46 0
61 64 46 0
61 64 48 0
61 64 48 0
0 64 49 43
0 64 49 43
0 64 49 43
0 64 49 43
0 63 49 44
0 63 49 44
0 63 49 42
0 63 49 44
0 63 49 45
0 63 49 45
0 65 49 45
0 65 49 45
0 66 49 45
0 66 49 45
0 66 48 39
0 66 46 39
0 66 48 44
0 66 48 44
0 66 48 42
0 66 48 42
0 66 48 41
0 66 48 41
0 66 48 39
0 66 48 39
0 66 49 37
0 66 49 37
0 65 44 37
0 63 44 37
0 65 49 0
0 65 49 0
0 65 50 0
0 65 49 0
73 65 47 37
73 65 47 37
73 65 49 37
73 65 49 37
73 66 50 42
73 66 50 42
71 68 54 42
73 69 54 42
74 71 47 42
74 71 47 42
74 71 49 42
74 71 49 42
74 71 50 42
74 71 50 42
68 71 47 42
68 71 47 42
73 65 44 42
73 65 44 42
71 65 45 42
71 65 47 42
69 66 49 42
69 66 49 42
68 61 49 44
66 61 49 45
65 62 47 44
65 62 47 44
66 62 47 42
66 62 47 42
68 61 47 41
68 61 47 41
66 61 47 37
68 61 47 37
69 61 45 42
69 61 45 42
68 61 45 40
68 61 45 40
66 61 45 38
66 61 45 38
66 59 44 38
66 59 42 38
66 57 49 37
66 57 49 37
65 56 49 37
65 56 49 37
66 54 49 38
66 54 49 38
68 54 49 38
69 54 49 38
68 0 47 38
68 0 47 38
66 0 47 38
66 0 47 38
65 0 49 37
65 0 49 37
65 56 49 37
65 56 49 37
0 57 0 0
0 57 0 0
0 59 0 0
0 59 0 0
0 57 0 0
0 57 0 0
68 56 0 0
68 56 0 0
69 54 0 0
69 54 0 0
71 53 0 0
71 53 0 0
69 54 0 0
69 54 0 0
68 49 0 0
68 49 0 0
66 54 0 0
66 54 0 0
65 56 0 0
65 56 0 0
66 57 0 42
66 57 0 42
66 56 0 42
66 56 0 42
66 54 0 42
66 54 0 42
66 57 0 42
66 57 0 42
66 56 0 49
66 56 0 49
66 49 0 49
66 49 0 49
65 56 0 49
65 56 0 49
66 57 0 49
66 57 0 49
68 59 50 49
68 59 50 49
68 57 50 49
68 56 50 49
68 57 50 47
68 57 50 47
68 59 50 47
68 59 50 47
68 61 49 45
68 61 49 45
68 59 49 45
68 59 49 45
66 57 49 45
66 57 49 45
68 59 49 45
68 59 49 45
69 61 52 45
69 61 52 45
71 61 52 45
71 61 52 45
73 61 52 45
73 61 52 45
69 61 52 45
69 61 52 45
66 61 51 47
66 61 51 47
66 59 51 47
66 58 51 47
68 59 51 47
68 59 51 47
70 61 53 47
70 61 53 47
71 62 54 47
71 62 54 47
73 62 54 47
73 62 54 47
74 62 54 47
74 62 54 47
71 62 54 47
71 62 54 47
68 62 54 49
68 62 54 49
68 61 54 49
68 61 54 49
0 59 54 49
0 59 54 49
0 57 53 49
0 57 51 49
0 56 53 49
0 56 53 49
0 54 53 49
0 54 53 49
0 56 53 49
0 56 53 49
0 59 53 49
0 59 53 49
0 57 54 42
0 57 54 42
0 57 56 42
0 57 56 42
0 0 54 0
0 0 54 0
0 0 52 0
0 0 52 0
0 0 51 0
0 0 51 0
0 0 49 0
0 0 49 0
0 0 51 0
0 0 51 0
0 0 54 0
0 0 54 0
0 0 54 0
0 0 54 0
0 0 54 0
0 0 53 0
0 0 53 0
37 0 52 0
37 0 52 58
37 0 51 58
37 0 51 58
53 0 51 58
53 0 51 51
55 0 51 51
55 0 51 51
56 0 51 51
56 0 51 43
47 0 51 43
47 0 51 43
47 0 51 43
47 26 51 43
47 26 41 43
47 26 41 36
47 26 41 36
47 26 41 33
47 26 41 33
47 26 41 33
47 26 41 33
47 26 41 33
40 26 41 33
40 45 41 33
40 45 41 33
40 45 41 33
40 45 41 33
40 45 41 33
40 45 41 33
40 42 41 25
37 42 36 25
37 42 36 25
40 42 36 25
40 42 36 21
39 42 36 21
39 43 36 21
40 43 33 21
40 51 33 0
32 51 36 0
32 50 36 0
31 50 32 0
31 50 32 0
31 50 38 0
31 50 38 0
31 50 37 0
31 50 37 0
31 50 37 0
31 47 37 0
28 50 37 0
28 50 37 0
26 58 37 0
26 58 37 0
0 46 37 0
0 46 37 0
0 46 37 0
0 46 37 0
0 46 37 0
0 46 37 0
0 46 37 0
0 46 37 0
0 46 37 0
0 46 34 0
0 46 34 0
0 46 37 0
0 46 37 0
0 46 37 0
0 47 37 0
0 47 34 0
0 48 34 0
0 48 37 0
0 47 37 0
0 47 37 0
0 49 37 0
0 49 35 0
0 49 35 0
0 49 38 0
0 46 38 0
0 46 36 0
30 46 36 0
30 46 36 0
30 46 36 0
30 46 36 0
30 46 36 0
30 46 36 0
30 46 36 0
30 46 33 0
24 46 33 0
24 46 37 0
0 46 37 0
0 46 36 0
0 46 36 0
0 46 36 0
0 38 36 0
0 38 32 0
0 44 31 0
0 44 31 0
0 48 31 0
0 48 31 0
0 48 36 0
0 48 36 0
0 55 32 0
0 55 31 0
0 64 31 0
0 64 37 0
0 74 37 0
0 74 35 0
0 67 35 20
20 67 35 20
20 67 35 27
20 67 35 27
20 66 35 40
26 66 35 40
26 65 35 40
26 65 35 40
26 82 35 40
26 82 35 40
26 68 35 40
26 68 40 40
26 68 40 36
26 68 40 36
26 73 40 37
26 73 37 37
26 67 37 37
26 67 37 37
26 67 37 37
26 67 37 37
26 68 37 37
20 68 35 37
20 72 35 37
20 72 36 37
20 72 36 37
24 72 36 37
24 72 36 39
0 72 33 39
0 72 33 39
0 72 41 39
0 68 41 38
0 68 38 38
0 68 38 38
0 68 38 38
0 68 38 39
0 68 40 39
0 68 40 39
26 68 40 39
26 67 40 42
21 67 40 42
21 68 40 47
21 68 40 47
21 68 40 47
21 68 42 47
21 66 42 35
21 66 47 35
21 66 47 38
24 66 42 38
24 66 42 38
24 66 42 38
24 66 42 38
24 66 39 38
24 60 39 38
24 60 33 38
24 60 33 30
0 60 33 30
0 59 33 38
0 59 33 38
0 59 33 38
0 59 39 38
0 69 39 37
0 69 39 37
0 69 39 37
0 69 39 37
0 69 39 37
0 69 39 37
0 69 39 37
0 69 39 37
0 68 39 36
0 68 39 36
0 62 39 36
23 62 37 36
23 62 37 40
23 62 37 40
23 62 37 40
24 62 37 40
24 62 37 40
0 62 37 40
0 62 37 40
20 62 37 40
20 62 37 40
24 62 37 40
24 62 37 40
24 62 37 40
24 62 37 40
0 62 37 40
0 61 37 40
0 61 38 40
0 49 38 36
0 49 40 36
0 50 40 36
0 50 36 36
0 51 36 36
0 51 36 36
0 51 36 36
0 51 36 36
0 51 36 37
26 51 36 37
26 38 36 37
26 38 33 37
26 38 33 28
26 38 33 29
26 44 33 29
26 42 33 30
26 42 33 30
26 44 33 30
26 44 33 30
26 46 33 30
26 46 33 30
0 49 33 30
0 49 33 30
0 54 33 30
0 54 33 30
22 66 33 41
22 66 33 41
22 68 39 43
22 68 39 43
27 68 40 43
27 68 40 43
24 68 40 56
24 68 40 56
0 68 40 49
0 68 40 49
24 68 40 49
24 68 40 49
24 68 40 49
24 68 40 49
0 64 40 49
0 64 40 49
0 70 40 49
0 70 40 49
0 70 40 49
23 70 40 49
23 69 39 48
26 69 39 51
26 82 41 51
26 82 41 51
26 70 42 51
21 70 42 51
21 70 39 51
26 70 39 51
26 69 39 51
26 69 39 51
26 69 39 51
21 69 39 49
21 69 39 49
26 69 39 49
26 69 39 49
21 69 39 49
21 67 39 49
21 67 39 49
21 67 40 49
21 67 40 63
21 67 40 63
21 67 40 54
21 67 40 54
27 67 40 54
27 67 40 54
27 67 40 54
27 67 42 54
24 67 42 54
24 67 42 54
24 67 42 54
24 67 47 54
0 67 47 54
0 68 47 54
21 68 47 54
21 78 47 54
25 78 47 54
25 68 47 54
25 68 47 54
25 74 47 54
0 74 47 53
0 68 47 53
0 68 47 54
0 68 47 54
0 68 47 54
0 66 47 54
25 66 47 54
25 66 47 54
25 66 47 54
25 71 47 54
25 71 47 52
25 69 46 52
25 69 46 50
25 69 46 50
25 69 46 50
25 63 46 50
0 60 46 50
0 60 46 50
20 59 46 50
20 59 46 50
23 52 46 50
23 52 46 50
28 47 46 50
28 47 46 50
28 47 46 38
28 47 46 38
22 47 46 38
22 47 37 38
0 47 37 27
0 47 37 27
0 47 37 20
0 47 37 20
0 47 37 20
0 47 37 20
0 48 37 20
0 48 37 20
0 49 37 20
0 49 37 20
0 42 37 0
0 42 37 0
0 42 37 0
0 42 37 0
0 42 37 0
0 42 36 0
0 42 36 47
0 42 36 47
0 44 36 39
0 44 36 39
0 44 36 31
0 44 36 31
0 45 36 24
0 45 33 24
0 45 32 24
0 45 32 24
0 49 32 23
0 49 32 23
0 49 36 0
0 49 36 0
0 49 36 0
0 49 36 0
0 49 36 0
0 49 36 0
0 48 36 0
0 48 36 0
0 48 36 0
0 48 36 0
0 47 32 0
0 47 32 0
0 47 32 0
0 47 32 0
0 47 36 0
0 47 36 0
0 47 36 0
0 47 36 0
0 50 32 0
0 50 32 0
0 50 39 0
0 50 39 0
0 49 38 0
0 49 38 0
0 54 38 0
0 54 38 0
0 60 38 0
0 60 38 0
20 59 38 0
20 59 38 0
23 59 38 0
23 59 38 0
23 59 38 0
23 59 38 0
32 59 38 0
32 59 38 0
30 59 38 0
30 59 38 0
30 59 38 0
30 59 38 0
31 59 38 0
31 59 38 0
31 59 38 0
31 59 38 0
31 59 38 0
31 59 38 0
31 59 38 56
31 59 38 56
31 59 38 56
31 59 38 56
31 59 38 51
31 59 38 51
32 59 38 44
32 59 38 44
32 59 38 44
32 59 38 44
32 59 38 44
32 59 38 44
32 59 40 44
32 59 40 44
34 56 33 47
34 56 33 47
32 56 33 47
33 56 33 47
33 49 40 50
32 49 40 50
32 50 33 50
26 50 33 50
26 50 37 50
26 50 37 50
26 50 37 50
26 50 37 50
