0 0 54 0
0 0 59 52
0 0 59 52
78 0 59 52
78 0 59 52
80 59 56 52
80 59 56 52
76 48 54 52
73 48 54 52
73 49 54 54
73 49 54 54
78 49 54 52
78 49 54 52
78 56 56 52
78 56 56 52
78 59 56 52
78 59 56 52
78 49 56 52
78 49 56 52
78 49 56 52
78 49 56 52
73 49 59 52
73 49 59 52
83 54 52 52
83 54 52 52
83 56 54 56
83 56 54 56
73 56 54 56
73 56 54 56
73 56 52 56
73 56 52 56
83 56 52 56
83 56 52 56
83 57 49 56
83 57 49 56
83 59 50 56
83 59 50 56
73 48 54 56
73 48 54 56
76 48 56 49
76 48 56 49
76 49 56 49
76 49 56 49
73 48 56 49
73 48 56 49
73 50 56 49
73 50 56 49
76 56 56 56
76 56 56 56
73 56 56 56
73 56 56 56
71 54 56 56
71 54 56 56
64 54 56 56
64 54 56 56
61 54 56 56
61 54 56 56
61 56 56 56
61 56 56 56
68 49 57 54
68 49 57 54
63 49 57 54
63 49 57 54
63 71 49 56
63 71 49 56
63 69 52 56
63 69 52 56
63 69 52 56
63 61 52 56
64 66 54 56
64 66 54 56
63 66 57 56
63 66 57 56
64 65 52 56
64 65 52 56
64 66 52 56
64 66 52 56
69 66 59 56
69 66 59 56
68 66 57 56
68 66 57 56
68 64 59 56
68 64 59 56
68 71 59 56
68 71 59 56
68 59 59 56
68 59 59 56
68 59 59 56
68 59 59 56
68 49 59 56
68 49 59 56
65 54 59 56
65 54 59 56
65 59 59 56
65 59 59 56
65 59 57 56
65 59 57 56
65 57 56 56
65 57 56 56
66 59 51 56
66 59 51 56
66 54 57 56
66 54 57 56
66 51 57 56
66 51 57 56
66 59 57 56
66 59 57 56
66 51 57 56
66 57 57 56
66 57 51 56
66 51 51 56
66 57 52 56
66 57 52 56
66 59 49 56
66 59 49 56
66 59 49 56
66 59 49 56
66 59 54 56
66 59 54 56
66 59 54 56
66 59 54 56
64 59 54 56
64 59 54 56
64 57 54 56
64 57 54 56
68 59 56 56
68 59 56 56
71 57 54 54
71 49 54 54
71 49 54 54
71 49 54 54
64 49 54 54
64 49 54 54
64 49 54 54
64 49 54 54
64 49 54 54
64 49 54 54
64 49 52 54
64 49 52 54
64 49 57 54
64 49 57 54
64 49 57 54
64 49 57 54
64 54 57 54
64 54 57 54
64 56 57 54
64 56 57 54
66 57 57 54
66 57 57 54
66 57 57 54
66 57 57 54
66 57 57 54
66 57 57 54
66 57 57 54
66 57 57 54
66 57 59 54
66 57 59 54
66 59 57 54
66 59 57 54
66 50 59 54
66 50 59 54
66 54 59 54
66 54 59 54
66 57 59 54
66 57 59 54
66 56 59 54
66 56 59 54
66 54 49 54
66 54 49 54
66 54 50 54
66 54 50 54
66 59 49 54
66 59 49 54
66 59 49 54
66 59 49 54
61 57 49 56
61 57 49 56
61 56 49 56
68 56 49 56
68 54 49 56
68 54 49 56
68 54 49 57
68 54 49 57
68 49 58 59
68 49 58 59
60 49 58 59
60 49 58 59
62 49 58 59
62 49 58 59
68 49 58 59
68 49 58 59
68 59 58 59
68 59 58 59
68 59 58 59
69 59 59 59
71 57 59 59
71 57 59 59
62 59 59 59
62 49 59 59
61 49 59 59
61 49 59 59
61 56 59 59
61 56 59 59
61 56 59 59
61 56 59 59
61 49 59 59
61 49 59 59
63 49 59 59
63 49 59 59
64 49 49 59
64 49 49 59
64 49 59 59
64 54 59 59
64 54 54 59
64 54 54 59
64 54 57 59
64 54 57 59
64 56 57 59
64 56 57 59
64 56 57 59
64 56 57 59
64 56 49 59
64 48 49 59
64 54 50 59
64 54 50 59
63 54 49 59
63 54 49 59
63 54 50 59
63 54 50 59
63 54 49 59
63 56 49 59
63 56 49 59
63 56 49 59
63 56 49 59
63 56 49 59
63 56 50 59
63 56 50 59
63 56 54 59
63 54 54 59
63 54 54 59
63 54 54 59
63 54 54 59
63 56 54 59
63 56 54 59
63 59 54 59
63 59 54 59
63 59 54 59
63 52 54 59
63 52 54 59
68 52 48 59
68 52 48 59
68 52 49 59
68 52 49 59
61 52 49 59
61 52 49 59
61 49 52 59
61 49 52 59
61 57 50 59
61 57 50 59
62 59 49 59
62 59 49 59
62 59 49 59
62 57 49 59
62 57 49 59
69 57 49 59
69 57 49 59
69 57 49 59
69 49 54 59
69 49 54 59
69 49 54 59
69 49 54 59
69 59 54 59
69 59 54 59
69 59 52 59
69 59 52 59
64 49 52 59
64 49 52 59
69 49 52 59
69 49 52 59
69 49 52 59
69 49 52 59
69 59 57 59
69 59 57 59
69 56 49 59
69 56 49 59
69 56 49 59
69 56 49 59
69 59 49 59
69 59 49 59
71 49 54 59
71 49 54 59
69 49 54 59
69 49 54 59
69 49 54 59
68 49 54 59
68 49 54 59
69 49 54 59
69 49 54 59
69 49 54 59
69 54 54 59
62 54 54 59
62 54 54 59
62 54 54 59
62 54 49 59
69 54 49 59
69 56 49 59
69 56 49 59
69 56 49 59
69 56 49 59
69 56 49 59
69 56 49 59
68 56 49 59
68 56 49 59
68 56 49 59
68 56 49 59
68 56 54 59
68 56 54 59
68 56 54 59
68 56 54 59
65 56 54 59
65 56 54 59
65 56 53 59
65 56 53 59
65 56 52 59
65 56 52 59
65 56 56 59
65 56 56 59
66 57 58 59
66 57 58 59
66 59 56 59
66 59 56 59
66 57 56 59
66 57 56 59
66 57 56 59
66 57 56 59
66 57 57 59
66 57 57 59
66 57 57 59
66 57 57 59
66 57 57 59
66 57 57 59
66 57 57 59
66 57 57 59
65 57 57 59
65 57 57 59
65 57 57 59
65 57 57 58
65 57 57 58
65 56 57 58
65 56 57 58
65 56 57 58
65 52 57 58
65 52 57 58
62 52 57 58
62 52 57 58
62 52 57 58
62 52 57 58
62 52 57 58
62 52 57 58
62 52 57 58
62 52 57 58
61 52 57 58
61 52 57 58
61 52 57 58
61 52 57 58
61 52 57 58
61 52 57 58
61 52 57 48
61 52 57 48
61 52 52 48
61 52 52 48
61 52 52 48
61 52 52 48
62 52 52 48
62 52 52 48
62 52 52 48
62 52 52 48
62 52 52 48
62 52 52 48
62 52 56 48
62 52 56 48
62 52 56 48
62 52 56 48
62 50 56 48
62 50 56 48
62 50 56 48
62 50 56 48
62 50 56 48
62 50 56 48
69 50 56 49
69 50 56 49
69 50 56 49
69 50 56 49
69 50 56 49
69 50 56 49
69 50 52 49
69 50 52 49
69 50 52 49
69 50 52 49
69 50 59 49
69 50 59 49
66 50 59 49
66 50 59 49
64 50 59 49
64 50 59 49
66 50 59 49
66 50 59 49
67 50 59 49
67 50 59 49
67 50 59 49
67 50 59 49
66 50 59 49
66 57 59 49
69 57 59 49
69 57 59 49
69 57 59 49
69 57 59 49
69 57 57 49
69 57 57 49
69 57 59 49
69 57 59 49
69 57 59 49
69 57 59 49
69 57 59 49
69 57 59 49
69 57 59 49
69 57 59 49
69 57 59 49
69 57 59 49
65 57 59 49
65 57 59 49
65 57 52 49
65 57 52 49
65 57 52 49
65 57 52 49
65 57 52 49
65 57 52 49
66 57 52 49
66 57 52 49
66 57 49 49
66 57 49 49
66 57 49 49
66 57 49 49
66 57 59 49
66 49 59 49
66 49 59 49
66 49 59 49
66 49 56 49
66 49 56 49
66 49 56 49
66 49 56 49
68 49 50 49
68 49 50 49
68 56 49 49
68 56 49 49
62 56 49 49
62 56 49 49
62 56 49 49
62 56 49 49
69 56 49 49
69 56 49 49
69 56 50 49
69 56 50 54
69 56 49 54
69 56 49 54
69 56 49 54
69 56 49 54
69 56 49 54
69 56 49 54
69 56 49 54
69 54 49 54
69 54 49 54
69 54 54 54
69 54 52 54
69 54 52 54
69 54 52 54
69 54 52 54
69 54 52 54
69 54 52 54
69 54 51 54
69 54 51 54
69 54 48 54
69 54 48 54
66 54 59 54
66 54 59 54
66 54 59 54
66 54 59 54
68 54 50 54
68 52 50 54
68 52 50 54
68 52 50 54
68 52 50 54
68 52 50 56
68 52 50 56
68 52 50 56
68 52 50 56
68 52 50 56
68 52 50 56
68 52 50 56
68 52 50 56
68 52 50 56
68 52 50 56
68 52 50 56
66 52 50 56
66 52 50 56
66 52 50 49
66 52 50 49
66 52 49 49
66 52 49 49
66 57 51 49
66 57 51 59
66 57 51 59
66 57 51 59
66 57 51 59
66 57 51 59
66 57 49 59
66 57 49 59
66 57 49 59
66 57 49 59
64 59 49 59
64 59 49 59
64 59 49 59
64 59 49 59
64 59 56 59
64 59 56 59
63 59 56 59
63 59 56 49
63 59 56 49
63 59 56 49
64 59 59 49
64 59 59 49
66 59 59 49
66 59 59 49
66 59 59 49
66 59 59 49
66 59 56 49
66 59 56 49
66 59 56 49
66 59 56 49
66 59 50 49
66 59 50 49
66 59 50 49
66 59 50 49
62 59 50 49
62 59 50 49
62 59 50 49
62 59 50 49
62 59 50 49
62 59 50 49
62 59 50 49
